<?xml version="1.0" encoding="UTF-8"?>
<document version="1.2.0">
  <chunk>
    <sensors>
      <sensor id="0" label="ONEPLUS A5000 (4.103 mm)" type="frame">
        <resolution width="4608" height="3456"/>
        <property name="pixel_width" value="0.0012841646600024955"/>
        <property name="pixel_height" value="0.0012841646600024955"/>
        <property name="focal_length" value="4.1029999999999998"/>
        <property name="fixed" value="false"/>
        <calibration type="frame" class="adjusted">
          <resolution width="4608" height="3456"/>
          <fx>3195.0731302573195</fx>
          <fy>3195.0731302573195</fy>
          <cx>2304</cx>
          <cy>1728</cy>
        </calibration>
      </sensor>
    </sensors>
    <cameras>
      <camera id="0" label="Image0.JPG" sensor_id="0" enabled="true">
        <transform>9.9990662667141639e-01 -1.4461306725728875e-03 -1.3588474699777591e-02 1.2270573602717437e-01 1.3568605840276423e-03 9.9997745424001094e-01 -6.5764687349938993e-03 4.7954496674577025e-02 1.3597678770443286e-02 6.5574170025006016e-03 9.9988604521430902e-01 1.3463533462142804e-01 0.0000000000000000e+00 0.0000000000000000e+00 0.0000000000000000e+00 1.0000000000000000e+00</transform>
      </camera>
      <camera id="1" label="Image1.JPG" sensor_id="0" enabled="true">
        <transform>9.9175636185702454e-01 1.4004226155783360e-02 -1.2737032765089495e-01 9.7704646459988365e-01 -1.0808827397602441e-02 9.9961012756321654e-01 2.5744166782764585e-02 -1.1120186808010557e-02 1.2768119660469784e-01 -2.4155217300360469e-02 9.9152107265088663e-01 6.7001327364276031e-01 0.0000000000000000e+00 0.0000000000000000e+00 0.0000000000000000e+00 1.0000000000000000e+00</transform>
      </camera>
      <camera id="2" label="Image2.JPG" sensor_id="0" enabled="true">
        <transform>9.5937884062876611e-01 4.2802731672677438e-02 -2.7885509913781620e-01 1.9856087655139230e+00 -3.0015436948603421e-02 9.9829970015800340e-01 4.9967811731403924e-02 -8.0868877053092300e-02 2.8051972069462233e-01 -3.9568103641663077e-02 9.5903235163137934e-01 1.2686393825619862e+00 0.0000000000000000e+00 0.0000000000000000e+00 0.0000000000000000e+00 1.0000000000000000e+00</transform>
      </camera>
      <camera id="3" label="Image3.JPG" sensor_id="0" enabled="true">
        <transform>9.2114832639008282e-01 3.8419831284038593e-02 -3.8731082782805787e-01 2.8892091063700076e+00 -2.9808715951864965e-02 9.9915723248767130e-01 2.8218171820276028e-02 -1.5364294947045273e-01 3.8806855224567022e-01 -1.4447883294226811e-02 9.2151725834422982e-01 1.9952807215326893e+00 0.0000000000000000e+00 0.0000000000000000e+00 0.0000000000000000e+00 1.0000000000000000e+00</transform>
      </camera>
      <camera id="4" label="Image4.JPG" sensor_id="0" enabled="true">
        <transform>8.0926151135689917e-01 5.9669121076879286e-02 -5.8441030297750574e-01 4.0750223876909430e+00 -3.3236327375633978e-02 9.9788518201092402e-01 5.5861525808062071e-02 -2.4236532484530957e-01 5.8650758970274797e-01 -2.5782930650680918e-02 8.0953325299714229e-01 2.9962712491855168e+00 0.0000000000000000e+00 0.0000000000000000e+00 0.0000000000000000e+00 1.0000000000000000e+00</transform>
      </camera>
    </cameras>
  </chunk>
</document>
