<?xml version="1.0" encoding="UTF-8"?>
<document version="1.2.0">
  <chunk>
    <sensors>
      <sensor id="0" label="ONEPLUS A5000 (4.103 mm)" type="frame">
        <resolution width="4608" height="3456"/>
        <property name="pixel_width" value="0.0012841646600024955"/>
        <property name="pixel_height" value="0.0012841646600024955"/>
        <property name="focal_length" value="4.1029999999999998"/>
        <property name="fixed" value="false"/>
        <calibration type="frame" class="adjusted">
          <resolution width="4608" height="3456"/>
          <fx>3195.0731302573195</fx>
          <fy>3195.0731302573195</fy>
          <cx>2304</cx>
          <cy>1728</cy>
        </calibration>
      </sensor>
    </sensors>
    <cameras>
      <camera id="0" label="Image0.JPG" sensor_id="0" enabled="true">
        <transform>9.9978616775940055e-01 -2.0314447877627935e-02 3.8654837211985942e-03 -1.2846657656568317e+00 1.9995630655361869e-02 9.9736503157198064e-01 6.9736421991068068e-02 -4.3467560829267077e-01 -5.2719552033440318e-03 -6.9644217310908932e-02 9.9755796296931276e-01 -9.5671713343868781e-01 0.0000000000000000e+00 0.0000000000000000e+00 0.0000000000000000e+00 1.0000000000000000e+00</transform>
      </camera>
      <camera id="1" label="Image1.JPG" sensor_id="0" enabled="true">
        <transform>9.9582086095572497e-01 -3.8886624167242430e-03 -9.1245225573765923e-02 -3.8453822391224135e-01 1.1478090057106941e-02 9.9650011451929388e-01 8.2799608765230209e-02 -4.3548825405401265e-01 9.0603898006871728e-02 -8.3500898603805468e-02 9.9238023640050255e-01 -7.7391523359322179e-01 0.0000000000000000e+00 0.0000000000000000e+00 0.0000000000000000e+00 1.0000000000000000e+00</transform>
      </camera>
      <camera id="2" label="Image2.JPG" sensor_id="0" enabled="true">
        <transform>9.7868494390905669e-01 2.5737597264064299e-02 -2.0374826785226754e-01 4.7776962402876233e-01 5.3874326996253795e-04 9.9179061599290808e-01 1.2787135638639702e-01 -4.2707551939547406e-01 2.0536672155297117e-01 -1.2525553926066790e-01 9.7063667742523707e-01 -4.9001998406191072e-01 0.0000000000000000e+00 0.0000000000000000e+00 0.0000000000000000e+00 1.0000000000000000e+00</transform>
      </camera>
      <camera id="3" label="Image3.JPG" sensor_id="0" enabled="true">
        <transform>9.4293213264558684e-01 4.2028560922272404e-02 -3.3032195399526232e-01 1.1701925093616155e+00 -1.1207607935131980e-02 9.9544631495580493e-01 9.4662683066141298e-02 -4.4807951474170343e-01 3.3279630819589590e-01 -8.5558366672764299e-02 9.3910935632836234e-01 -7.6325916437868221e-02 0.0000000000000000e+00 0.0000000000000000e+00 0.0000000000000000e+00 1.0000000000000000e+00</transform>
      </camera>
      <camera id="4" label="Image4.JPG" sensor_id="0" enabled="true">
        <transform>8.6374836879053107e-01 6.2136622606561082e-02 -5.0007778949154147e-01 1.8205546224640479e+00 -3.0109999852449588e-03 9.9298739941179404e-01 1.1818188731142830e-01 -4.6417878228535164e-01 5.0391436702160564e-01 -1.0057367816905220e-01 8.5787833984124018e-01 3.6851383927779779e-01 0.0000000000000000e+00 0.0000000000000000e+00 0.0000000000000000e+00 1.0000000000000000e+00</transform>
      </camera>
    </cameras>
  </chunk>
</document>
