<?xml version="1.0" encoding="UTF-8"?>
<document version="1.2.0">
  <chunk>
    <sensors>
      <sensor id="0" label="NIKON D70s (20 mm)" type="frame">
        <resolution width="1504" height="1000"/>
        <property name="pixel_width" value="0.015970503919056338"/>
        <property name="pixel_height" value="0.015970503919056338"/>
        <property name="focal_length" value="20"/>
        <property name="fixed" value="false"/>
        <calibration type="frame" class="adjusted">
          <resolution width="1504" height="1000"/>
          <fx>1301.8461697378202</fx>
          <fy>1298.4954434340661</fy>
          <cx>752</cx>
          <cy>500</cy>
          <k1>-0.10754620460252713</k1>
          <k2>0.082384717684729367</k2>
          <p1>0.00032749714518781717</p1>
          <p2>0.00080449174890187081</p2>
        </calibration>
      </sensor>
    </sensors>
    <cameras>
      <camera id="0" label="Image0.JPG" sensor_id="0" enabled="true">
        <transform>9.6932655251689459e-01 5.6659375480338475e-02 2.3915632911526735e-01 -2.0075864765477962e+00 -5.7237939068066596e-02 9.9835028279434679e-01 -4.5311340399594204e-03 -1.1476218705934957e-01 -2.3901852002920682e-01 -9.2966668556963405e-03 9.7097050370668925e-01 -8.7187429612668577e-01 0.0000000000000000e+00 0.0000000000000000e+00 0.0000000000000000e+00 1.0000000000000000e+00</transform>
      </camera>
      <camera id="1" label="Image1.JPG" sensor_id="0" enabled="true">
        <transform>9.9213331243475111e-01 1.5464767969035603e-02 1.2422693471591569e-01 -9.9229399506435156e-01 -1.2236734465303465e-02 9.9956842907776688e-01 -2.6706140129770326e-02 -6.7388348718309690e-02 -1.2458632624358960e-01 2.4975919255738419e-02 9.9189437480533016e-01 -4.7107945550702857e-01 0.0000000000000000e+00 0.0000000000000000e+00 0.0000000000000000e+00 1.0000000000000000e+00</transform>
      </camera>
      <camera id="2" label="Image2.JPG" sensor_id="0" enabled="true">
        <transform>9.9999259455227507e-01 -3.6410195470315894e-03 1.2465220685645947e-03 4.6825060502862774e-02 3.6426516947850106e-03 9.9999250798432748e-01 -1.3096044613997450e-03 1.3547630560088734e-02 -1.2417444341588843e-03 1.3141354089180094e-03 9.9999836555810795e-01 7.8067293216630307e-02 0.0000000000000000e+00 0.0000000000000000e+00 0.0000000000000000e+00 1.0000000000000000e+00</transform>
      </camera>
      <camera id="3" label="Image3.JPG" sensor_id="0" enabled="true">
        <transform>9.9630429930528996e-01 -7.4252364752334099e-03 -8.5572244618696433e-02 9.5637886918183468e-01 6.6830383942253924e-03 9.9993755656683625e-01 -8.9565598845973045e-03 7.1122127588107376e-02 8.5633405769106649e-02 8.3515765237427916e-03 9.9629170978481574e-01 4.3263630894855309e-01 0.0000000000000000e+00 0.0000000000000000e+00 0.0000000000000000e+00 1.0000000000000000e+00</transform>
      </camera>
      <camera id="4" label="Image4.JPG" sensor_id="0" enabled="true">
        <transform>9.5305733313124907e-01 -4.7004642658778635e-02 -2.9911917914649305e-01 2.0608496544265300e+00 4.3775665217458230e-02 9.9888827327200858e-01 -1.7490244550436761e-02 1.3630086009545359e-01 2.9960876305528900e-01 3.5750647806148273e-03 9.5405545332139585e-01 8.7699591720279690e-01 0.0000000000000000e+00 0.0000000000000000e+00 0.0000000000000000e+00 1.0000000000000000e+00</transform>
      </camera>
    </cameras>
  </chunk>
</document>
