<?xml version="1.0" encoding="UTF-8"?>
<document version="1.2.0">
  <chunk>
    <sensors>
      <sensor id="0" label="NIKON D70s (20 mm)" type="frame">
        <resolution width="1504" height="1000"/>
        <property name="pixel_width" value="0.015970503919056338"/>
        <property name="pixel_height" value="0.015970503919056338"/>
        <property name="focal_length" value="20"/>
        <property name="fixed" value="false"/>
        <calibration type="frame" class="adjusted">
          <resolution width="1504" height="1000"/>
          <fx>1304.5813600766003</fx>
          <fy>1310.5333784844725</fy>
          <cx>752</cx>
          <cy>500</cy>
          <skew>6.3494077536285678</skew>
          <k1>-0.10868823534580516</k1>
          <k2>0.084353086132610514</k2>
          <p1>-6.450543122547279e-05</p1>
          <p2>0.0019109643499103284</p2>
        </calibration>
      </sensor>
    </sensors>
    <cameras>
      <camera id="0" label="Image0.JPG" sensor_id="0" enabled="true">
        <transform>8.6589102759175496e-01 -8.6951616157571812e-03 -5.0015709782084516e-01 2.2305979740885777e+00 -1.8778234174858320e-02 9.9857918337462226e-01 -4.9869754883563121e-02 4.6386308291287169e-02 4.9988009187941146e-01 5.2573840408974760e-02 8.6449747544297828e-01 7.3463621600553541e-01 0.0000000000000000e+00 0.0000000000000000e+00 0.0000000000000000e+00 1.0000000000000000e+00</transform>
      </camera>
      <camera id="1" label="Image1.JPG" sensor_id="0" enabled="true">
        <transform>8.1446039882994348e-01 -5.9634043184445304e-02 -5.7714646289416427e-01 2.8771387097622103e+00 -8.0996476215376111e-03 9.9343879784966871e-01 -1.1407782709804738e-01 4.9467672038799627e-02 5.8016261034831973e-01 9.7586555531388577e-02 8.0863354477373928e-01 1.1051224500267842e+00 0.0000000000000000e+00 0.0000000000000000e+00 0.0000000000000000e+00 1.0000000000000000e+00</transform>
      </camera>
      <camera id="2" label="Image2.JPG" sensor_id="0" enabled="true">
        <transform>7.4881710935385681e-01 -6.2740564907993179e-02 -6.5980039273553015e-01 3.6550679561392765e+00 1.7605218783472362e-03 9.9569413554845432e-01 -9.2682733004221710e-02 6.2770747594220952e-02 6.6277434870523610e-01 6.8240823188483610e-02 7.4570326051916136e-01 1.4612435224819067e+00 0.0000000000000000e+00 0.0000000000000000e+00 0.0000000000000000e+00 1.0000000000000000e+00</transform>
      </camera>
      <camera id="3" label="Image3.JPG" sensor_id="0" enabled="true">
        <transform>6.4695004782906240e-01 -8.1382693913537085e-02 -7.5817708534705097e-01 4.2027126601897429e+00 -1.2598400657405098e-02 9.9301188254758865e-01 -1.1734002480044697e-01 6.3322961902347569e-02 7.6242830214706048e-01 8.5464953347378303e-02 6.4140379312448803e-01 1.7293591523035758e+00 0.0000000000000000e+00 0.0000000000000000e+00 0.0000000000000000e+00 1.0000000000000000e+00</transform>
      </camera>
      <camera id="4" label="Image4.JPG" sensor_id="0" enabled="true">
        <transform>5.5591604782868254e-01 -1.0036912822337060e-01 -8.2515658263521041e-01 5.4040466990788163e+00 -2.9823216044653593e-02 9.8963595040155483e-01 -1.4046800866234738e-01 1.0306171421204546e-01 8.3070327045900816e-01 1.0269724325653523e-01 5.4716117614119530e-01 2.1205901243943739e+00 0.0000000000000000e+00 0.0000000000000000e+00 0.0000000000000000e+00 1.0000000000000000e+00</transform>
      </camera>
    </cameras>
  </chunk>
</document>
